Formula: y= x^3 + e^x
x= 1.6823139976710226
y= 10.139238311973074
Formula: y= x^3 + e^x
x= 0.6455450994772243
y= 2.176043290168085
Formula: y= x^3 + e^x
x= 0.6989582212569829
y= 2.3531267783459553
Formula: y= sin(x) + e^x
x= 0.3126228853987998
y= 1.674561361985483